0 -5
0.2 -5
0.4 -5
0.6 -5
0.8 -5
1 -5
1.2 -5
1.4 -5
1.6 -5
1.8 -5
2 -5
2.2 -5
2.4 -5
2.6 -5
2.8 -5
3 -5
3.2 -5
3.4 -5
3.6 -5
3.8 -5
4 -5
4.2 -5
4.4 -5
4.6 -5
4.8 -5
5 5
5.2 5
5.4 5
5.6 5
5.8 5
6 5
6.2 5
6.4 5
6.6 5
6.8 5
7 5
7.2 5
7.4 5
7.6 5
7.8 5
8 5
8.2 5
8.4 5
8.6 5
8.8 5
9 0
9.2 0
9.4 0
9.6 0
9.8 0
10 -5
10.2 -5
10.4 -5
10.6 -5
10.8 -5
11 -5
11.2 -5
11.4 -5
11.6 -5
11.8 -5
12 -5
12.2 -5
12.4 -5
12.6 -5
12.8 -5
13 -5
13.2 -5
13.4 -5
13.6 -5
13.8 -5
14 -5
14.2 -5
14.4 -5
14.6 -5
14.8 -5
15 5
15.2 5
15.4 5
15.6 5
15.8 5
16 5
16.2 5
16.4 5
16.6 5
16.8 5
17 5
17.2 5
17.4 5
17.6 5
17.8 5
18 5
18.2 5
18.4 5
18.6 5
18.8 5
19 0
19.2 0
19.4 0
19.6 0
19.8 0
20 -5
20.2 -5
20.4 -5
20.6 -5
20.8 -5
21 -5
21.2 -5
21.4 -5
21.6 -5
21.8 -5
22 -5
22.2 -5
22.4 -5
22.6 -5
22.8 -5
23 -5
23.2 -5
23.4 -5
23.6 -5
23.8 -5
24 -5
24.2 -5
24.4 -5
24.6 -5
24.8 -5
25 5
25.2 5
25.4 5
25.6 5
25.8 5
26 5
26.2 5
26.4 5
26.6 5
26.8 5
27 5
27.2 5
27.4 5
27.6 5
27.8 5
28 5
28.2 5
28.4 5
28.6 5
28.8 5
29 0
29.2 0
29.4 0
29.6 0
29.8 0
30 -5
30.2 -5
30.4 -5
30.6 -5
30.8 -5
31 -5
31.2 -5
31.4 -5
31.6 -5
31.8 -5
32 5
32.2 5
32.4 5
32.6 -5
32.8 -5
33 -5
33.2 -5
33.4 -5
33.6 -5
33.8 -5
34 -5
34.2 -5
34.4 -5
34.6 -5
34.8 -5
35 5
35.2 5
35.4 5
35.6 5
35.8 5
36 5
36.2 5
36.4 5
36.6 5
36.8 5
37 5
37.2 5
37.4 5
37.6 -5
37.8 -5
38 5
38.2 5
38.4 5
38.6 5
38.8 5
39 5
39.2 5
39.4 5
39.6 5
39.8 5
40 0
40.2 -5
40.4 -5
40.6 -5
40.8 -5
41 -5
41.2 -5
41.4 -5
41.6 -5
41.8 -5
42 -5
42.2 -5
42.4 -5
42.6 -5
42.8 -5
43 -5
43.2 -5
43.4 -5
43.6 -5
43.8 -5
44 -5
44.2 -5
44.4 -5
44.6 -5
44.8 -5
45 5
45.2 5
45.4 5
45.6 5
45.8 5
46 0
46.2 0
46.4 0
46.6 0
46.8 0
47 0
47.2 0
47.4 0
47.6 5
47.8 5
48 5
48.2 5
48.4 5
48.6 5
48.8 5
49 0
49.2 0
49.4 0
49.6 0
49.8 0
50 -5
50.2 -5
50.4 -5
50.6 -5
50.8 -5
51 -5
51.2 -5
51.4 -5
51.6 -5
51.8 -5
52 -5
52.2 -5
52.4 -5
52.6 0
52.8 0
53 0
53.2 0
53.4 0
53.6 0
53.8 0
54 -5
54.2 -5
54.4 -5
54.6 -5
54.8 -5
55 -5
55.2 5
55.4 5
55.6 5
55.8 5
56 5
56.2 5
56.4 5
56.6 5
56.8 5
57 5
57.2 5
57.4 5
57.6 5
57.8 5
58 5
58.2 5
58.4 5
58.6 5
58.8 5
59 0
59.2 0
59.4 0
59.6 0
59.8 0
60 -5
60.2 -5
60.4 -5
60.6 -5
60.8 -5
61 -5
61.2 -5
61.4 -5
61.6 -5
61.8 -5
62 5
62.2 5
62.4 5
62.6 -5
62.8 -5
63 -5
63.2 -5
63.4 -5
63.6 -5
63.8 -5
64 -5
64.2 -5
64.4 -5
64.6 -5
64.8 -5
65 5
65.2 5
65.4 5
65.6 5
65.8 5
66 5
66.2 5
66.4 5
66.6 5
66.8 5
67 5
67.2 5
67.4 5
67.6 -5
67.8 -5
68 5
68.2 5
68.4 5
68.6 5
68.8 5
69 5
69.2 5
69.4 5
69.6 5
69.8 5
70 0
70.2 -5
70.4 -5
70.6 -5
70.8 -5
71 -5
71.2 -5
71.4 -5
71.6 -5
71.8 -5
72 -5
72.2 -5
72.4 -5
72.6 -5
72.8 -5
73 -5
73.2 -5
73.4 -5
73.6 -5
73.8 -5
74 -5
74.2 -5
74.4 -5
74.6 -5
74.8 -5
75 5
75.2 5
75.4 5
75.6 5
75.8 5
76 0
76.2 0
76.4 0
76.6 0
76.8 0
77 0
77.2 0
77.4 0
77.6 5
77.8 5
78 5
78.2 5
78.4 5
78.6 5
78.8 5
79 0
79.2 0
79.4 0
79.6 0
79.8 0
80 -5
80.2 -5
80.4 -5
80.6 -5
80.8 -5
81 -5
81.2 -5
81.4 -5
81.6 -5
81.8 -5
82 -5
82.2 -5
82.4 -5
82.6 0
82.8 0
83 0
83.2 0
83.4 0
83.6 0
83.8 0
84 -5
84.2 -5
84.4 -5
84.6 -5
84.8 -5
85 -5
85.2 5
85.4 5
85.6 5
85.8 5
86 5
86.2 5
86.4 5
86.6 5
86.8 5
87 5
87.2 5
87.4 5
87.6 5
87.8 5
88 5
88.2 5
88.4 5
88.6 5
88.8 5
89 0
89.2 0
89.4 0
89.6 0
89.8 0
90 -5
90.2 -5
90.4 -5
90.6 -5
90.8 -5
91 -5
91.2 -5
91.4 -5
91.6 -5
91.8 -5
92 5
92.2 5
92.4 5
92.6 -5
92.8 -5
93 -5
93.2 -5
93.4 -5
93.6 -5
93.8 -5
94 -5
94.2 -5
94.4 -5
94.6 -5
94.8 -5
95 5
95.2 5
95.4 5
95.6 5
95.8 5
96 5
96.2 5
96.4 5
96.6 5
96.8 5
97 5
97.2 5
97.4 5
97.6 -5
97.8 -5
98 5
98.2 5
98.4 5
98.6 5
98.8 5
99 5
99.2 5
99.4 5
99.6 5
99.8 5
