0 -5
0 -5
0.000342358 -5
0.2 -5
0.4 -5
0.6 -5
0.8 -5
1 -5
1.2 -5
1.4 -5
1.6 -5
1.8 -5
2 -5
2.2 -5
2.4 -5
2.50034 -5
2.6 -5
2.8 -5
3 -5
3.2 -5
3.4 -5
3.6 -5
3.8 -5
4 -5
4.2 -5
4.4 -5
4.6 -5
4.8 -5
5 -5
5.00034 5
5.2 5
5.4 5
5.6 5
5.8 5
6 5
6.2 5
6.4 5
6.6 5
6.8 5
7 5
7.2 5
7.4 5
7.50034 5
7.6 5
7.8 5
8 5
8.2 5
8.4 5
8.6 5
8.8 5
9 5
9.2 0
9.4 0
9.6 0
9.8 0
10 0
10.0003 -5
10.2 -5
10.4 -5
10.6 -5
10.8 -5
11 -5
11.2 -5
11.4 -5
11.6 -5
11.8 -5
12 -5
12.2 -5
12.4 -5
12.5003 -5
12.6 -5
12.8 -5
13 -5
13.2 -5
13.4 -5
13.6 -5
13.8 -5
14 -5
14.2 -5
14.4 -5
14.6 -5
14.8 -5
15 -5
15.0003 5
15.2 5
15.4 5
15.6 5
15.8 5
16 5
16.2 5
16.4 5
16.6 5
16.8 5
17 5
17.2 5
17.4 5
17.5003 5
17.6 5
17.8 5
18 5
18.2 5
18.4 5
18.6 5
18.8 5
19 5
19.2 0
19.4 0
19.6 0
19.8 0
20 0
20.0003 -5
20.2 -5
20.4 -5
20.6 -5
20.8 -5
21 -5
21.2 -5
21.4 -5
21.6 -5
21.8 -5
22 -5
22.2 -5
22.4 -5
22.5003 -5
22.6 -5
22.8 -5
23 -5
23.2 -5
23.4 -5
23.6 -5
23.8 -5
24 -5
24.2 -5
24.4 -5
24.6 -5
24.8 -5
25 -5
25.0003 5
25.2 5
25.4 5
25.6 5
25.8 5
26 5
26.2 5
26.4 5
26.6 5
26.8 5
27 5
27.2 5
27.4 5
27.5003 5
27.6 5
27.8 5
28 5
28.2 5
28.4 5
28.6 5
28.8 5
29 5
29.2 0
29.4 0
29.6 0
29.8 0
30 0
30.0003 -5
30.2 -5
30.4 -5
30.6 -5
30.8 -5
31 -5
31.2 -5
31.4 -5
31.6 -5
31.8 -5
32 -5
32.2 -5
32.4 -5
32.5003 -5
32.6 -5
32.8 -5
33 -5
33.2 -5
33.4 -5
33.6 -5
33.8 -5
34 -5
34.2 -5
34.4 -5
34.6 -5
34.8 -5
35 -5
35.0003 5
35.2 5
35.4 5
35.6 5
35.8 5
36 5
36.2 5
36.4 5
36.6 5
36.8 5
37 5
37.2 5
37.4 5
37.5003 5
37.6 5
37.8 5
38 5
38.2 5
38.4 5
38.6 5
38.8 5
39 5
39.2 0
39.4 0
39.6 0
39.8 0
40 0
40.0003 -5
40.2 -5
40.4 -5
40.6 -5
40.8 -5
41 -5
41.2 -5
41.4 -5
41.6 -5
41.8 -5
42 -5
42.2 -5
42.4 -5
42.5003 -5
42.6 -5
42.8 -5
43 -5
43.2 -5
43.4 -5
43.6 -5
43.8 -5
44 -5
44.2 -5
44.4 -5
44.6 -5
44.8 -5
45 -5
45.0003 5
45.2 5
45.4 5
45.6 5
45.8 5
46 5
46.2 5
46.4 5
46.6 5
46.8 5
47 5
47.2 5
47.4 5
47.5003 5
47.6 5
47.8 5
48 5
48.2 5
48.4 5
48.6 5
48.8 5
49 5
49.2 0
49.4 0
49.6 0
49.8 0
50 0
50.0003 -5
50.2 -5
50.4 -5
50.6 -5
50.8 -5
51 -5
51.2 -5
51.4 -5
51.6 -5
51.8 -5
52 -5
52.2 -5
52.4 -5
52.5003 -5
52.6 -5
52.8 -5
53 -5
53.2 -5
53.4 -5
53.6 -5
53.8 -5
54 -5
54.2 -5
54.4 -5
54.6 -5
54.8 -5
55 -5
55.0003 5
55.2 5
55.4 5
55.6 5
55.8 5
56 5
56.2 5
56.4 5
56.6 5
56.8 5
57 5
57.2 5
57.4 5
57.5003 5
57.6 5
57.8 5
58 5
58.2 5
58.4 5
58.6 5
58.8 5
59 5
59.2 0
59.4 0
59.6 0
59.8 0
60 0
60.0003 -5
60.2 -5
60.4 -5
60.6 -5
60.8 -5
61 -5
61.2 -5
61.4 -5
61.6 -5
61.8 -5
62 -5
62.2 -5
62.4 -5
62.5003 -5
62.6 -5
62.8 -5
63 -5
63.2 -5
63.4 -5
63.6 -5
63.8 -5
64 -5
64.2 -5
64.4 -5
64.6 -5
64.8 -5
65 -5
65.0003 5
65.2 5
65.4 5
65.6 5
65.8 5
66 5
66.2 5
66.4 5
66.6 5
66.8 5
67 5
67.2 5
67.4 5
67.5003 5
67.6 5
67.8 5
68 5
68.2 5
68.4 5
68.6 5
68.8 5
69 5
69.2 0
69.4 0
69.6 0
69.8 0
70 0
70.0003 -5
70.2 -5
70.4 -5
70.6 -5
70.8 -5
71 -5
71.2 -5
71.4 -5
71.6 -5
71.8 -5
72 -5
72.2 -5
72.4 -5
72.5003 -5
72.6 -5
72.8 -5
73 -5
73.2 -5
73.4 -5
73.6 -5
73.8 -5
74 -5
74.2 -5
74.4 -5
74.6 -5
74.8 -5
75 -5
75.0003 5
75.2 5
75.4 5
75.6 5
75.8 5
76 5
76.2 5
76.4 5
76.6 5
76.8 5
77 5
77.2 5
77.4 5
77.5003 5
77.6 5
77.8 5
78 5
78.2 5
78.4 5
78.6 5
78.8 5
79 5
79.2 0
79.4 0
79.6 0
79.8 0
80 0
80.0003 -5
80.2 -5
80.4 -5
80.6 -5
80.8 -5
81 -5
81.2 -5
81.4 -5
81.6 -5
81.8 -5
82 -5
82.2 -5
82.4 -5
82.5003 -5
82.6 -5
82.8 -5
83 -5
83.2 -5
83.4 -5
83.6 -5
83.8 -5
84 -5
84.2 -5
84.4 -5
84.6 -5
84.8 -5
85 -5
85.0003 5
85.2 5
85.4 5
85.6 5
85.8 5
86 5
86.2 5
86.4 5
86.6 5
86.8 5
87 5
87.2 5
87.4 5
87.5003 5
87.6 5
87.8 5
88 5
88.2 5
88.4 5
88.6 5
88.8 5
89 5
89.2 0
89.4 0
89.6 0
89.8 0
90 0
90.0003 -5
90.2 -5
90.4 -5
90.6 -5
90.8 -5
91 -5
91.2 -5
91.4 -5
91.6 -5
91.8 -5
92 -5
92.2 -5
92.4 -5
92.5003 -5
92.6 -5
92.8 -5
93 -5
93.2 -5
93.4 -5
93.6 -5
93.8 -5
94 -5
94.2 -5
94.4 -5
94.6 -5
94.8 -5
95 -5
95.0003 5
95.2 5
95.4 5
95.6 5
95.8 5
96 5
96.2 5
96.4 5
96.6 5
96.8 5
97 5
97.2 5
97.4 5
97.5003 5
97.6 5
97.8 5
98 5
98.2 5
98.4 5
98.6 5
98.8 5
99 5
99.2 0
99.4 0
99.6 0
99.8 0
100 0
100 -5
100.2 -5
100.4 -5
100.6 -5
100.8 -5
101 -5
101.2 -5
101.4 -5
101.6 -5
101.8 -5
102 -5
102.2 -5
102.4 -5
102.5 -5
102.6 -5
102.8 -5
103 -5
103.2 -5
103.4 -5
103.6 -5
103.8 -5
104 -5
104.2 -5
104.4 -5
104.6 -5
104.8 -5
105 -5
105 5
105.2 5
105.4 5
105.6 5
105.8 5
106 5
106.2 5
106.4 5
106.6 5
106.8 5
107 5
107.2 5
107.4 5
107.5 5
107.6 5
107.8 5
108 5
108.2 5
108.4 5
108.6 5
108.8 5
109 5
109.2 0
109.4 0
109.6 0
109.8 0
110 0
110 -5
110.2 -5
110.4 -5
110.6 -5
110.8 -5
111 -5
111.2 -5
111.4 -5
111.6 -5
111.8 -5
112 -5
112.2 -5
112.4 -5
112.5 -5
112.6 -5
112.8 -5
113 -5
113.2 -5
113.4 -5
113.6 -5
113.8 -5
114 -5
114.2 -5
114.4 -5
114.6 -5
114.8 -5
115 -5
115 5
115.2 5
115.4 5
115.6 5
115.8 5
116 5
116.2 5
116.4 5
116.6 5
116.8 5
117 5
117.2 5
117.4 5
117.5 5
117.6 5
117.8 5
118 5
118.2 5
118.4 5
118.6 5
118.8 5
119 5
119.2 0
119.4 0
119.6 0
119.8 0
120 0
120 -5
120.2 -5
120.4 -5
120.6 -5
120.8 -5
121 -5
121.2 -5
121.4 -5
121.6 -5
121.8 -5
122 -5
122.2 -5
122.4 -5
122.5 -5
122.6 -5
122.8 -5
123 -5
123.2 -5
123.4 -5
123.6 -5
123.8 -5
124 -5
124.2 -5
124.4 -5
124.6 -5
124.8 -5
125 -5
125 5
125.2 5
125.4 5
125.6 5
125.8 5
126 5
126.2 5
126.4 5
126.6 5
126.8 5
127 5
127.2 5
127.4 5
127.5 5
127.6 5
127.8 5
128 5
128.2 5
128.4 5
128.6 5
128.8 5
129 5
129.2 0
129.4 0
129.6 0
129.8 0
130 0
130 -5
130.2 -5
130.4 -5
130.6 -5
130.8 -5
131 -5
131.2 -5
131.4 -5
131.6 -5
131.8 -5
132 -5
132.2 -5
132.4 -5
132.5 -5
132.6 -5
132.8 -5
133 -5
133.2 -5
133.4 -5
133.6 -5
133.8 -5
134 -5
134.2 -5
134.4 -5
134.6 -5
134.8 -5
135 -5
135 5
135.2 5
135.4 5
135.6 5
135.8 5
136 5
136.2 5
136.4 5
136.6 5
136.8 5
137 5
137.2 5
137.4 5
137.5 5
137.6 5
137.8 5
138 5
138.2 5
138.4 5
138.6 5
138.8 5
139 5
139.2 0
139.4 0
139.6 0
139.8 0
140 0
140 -5
140.2 -5
140.4 -5
140.6 -5
140.8 -5
141 -5
141.2 -5
141.4 -5
141.6 -5
141.8 -5
142 -5
142.2 -5
142.4 -5
142.5 -5
142.6 -5
142.8 -5
143 -5
143.2 -5
143.4 -5
143.6 -5
143.8 -5
144 -5
144.2 -5
144.4 -5
144.6 -5
144.8 -5
145 -5
145 5
145.2 5
145.4 5
145.6 5
145.8 5
146 5
146.2 5
146.4 5
146.6 5
146.8 5
147 5
147.2 5
147.4 5
147.5 5
147.6 5
147.8 5
148 5
148.2 5
148.4 5
148.6 5
148.8 5
149 5
149.2 0
149.4 0
149.6 0
149.8 0
150 0
150 -5
150.2 -5
150.4 -5
150.6 -5
150.8 -5
151 -5
151.2 -5
151.4 -5
151.6 -5
151.8 -5
152 -5
152.2 -5
152.4 -5
152.5 -5
152.6 -5
152.8 -5
153 -5
153.2 -5
153.4 -5
153.6 -5
153.8 -5
154 -5
154.2 -5
154.4 -5
154.6 -5
154.8 -5
155 -5
155 5
155.2 5
155.4 5
155.6 5
155.8 5
156 5
156.2 5
156.4 5
156.6 5
156.8 5
157 5
157.2 5
157.4 5
157.5 5
157.6 5
157.8 5
158 5
158.2 5
158.4 5
158.6 5
158.8 5
159 5
159.2 0
159.4 0
159.6 0
159.8 0
160 0
160 -5
160.2 -5
160.4 -5
160.6 -5
160.8 -5
161 -5
161.2 -5
161.4 -5
161.6 -5
161.8 -5
162 -5
162.2 -5
162.4 -5
162.5 -5
162.6 -5
162.8 -5
163 -5
163.2 -5
163.4 -5
163.6 -5
163.8 -5
164 -5
164.2 -5
164.4 -5
164.6 -5
164.8 -5
165 -5
165 5
165.2 5
165.4 5
165.6 5
165.8 5
166 5
166.2 5
166.4 5
166.6 5
166.8 5
167 5
167.2 5
167.4 5
167.5 5
167.6 5
167.8 5
168 5
168.2 5
168.4 5
168.6 5
168.8 5
169 5
169.2 0
169.4 0
169.6 0
169.8 0
170 0
170 -5
170.2 -5
170.4 -5
170.6 -5
170.8 -5
171 -5
171.2 -5
171.4 -5
171.6 -5
171.8 -5
172 -5
172.2 -5
172.4 -5
172.5 -5
172.6 -5
172.8 -5
173 -5
173.2 -5
173.4 -5
173.6 -5
173.8 -5
174 -5
174.2 -5
174.4 -5
174.6 -5
174.8 -5
175 -5
175 5
175.2 5
175.4 5
175.6 5
175.8 5
176 5
176.2 5
176.4 5
176.6 5
176.8 5
177 5
177.2 5
177.4 5
177.5 5
177.6 5
177.8 5
178 5
178.2 5
178.4 5
178.6 5
178.8 5
179 5
179.2 0
179.4 0
179.6 0
179.8 0
180 0
180 -5
180.2 -5
180.4 -5
180.6 -5
180.8 -5
181 -5
181.2 -5
181.4 -5
181.6 -5
181.8 -5
182 -5
182.2 -5
182.4 -5
182.5 -5
182.6 -5
182.8 -5
183 -5
183.2 -5
183.4 -5
183.6 -5
183.8 -5
184 -5
184.2 -5
184.4 -5
184.6 -5
184.8 -5
185 -5
185 5
185.2 5
185.4 5
185.6 5
185.8 5
186 5
186.2 5
186.4 5
186.6 5
186.8 5
187 5
187.2 5
187.4 5
187.5 5
187.6 5
187.8 5
188 5
188.2 5
188.4 5
188.6 5
188.8 5
189 5
189.2 0
189.4 0
189.6 0
189.8 0
190 0
190 -5
190.2 -5
190.4 -5
190.6 -5
190.8 -5
191 -5
191.2 -5
191.4 -5
191.6 -5
191.8 -5
192 -5
192.2 -5
192.4 -5
192.5 -5
192.6 -5
192.8 -5
193 -5
193.2 -5
193.4 -5
193.6 -5
193.8 -5
194 -5
194.2 -5
194.4 -5
194.6 -5
194.8 -5
195 -5
195 5
195.2 5
195.4 5
195.6 5
195.8 5
196 5
196.2 5
196.4 5
196.6 5
196.8 5
197 5
197.2 5
197.4 5
197.5 5
197.6 5
197.8 5
198 5
198.2 5
198.4 5
198.6 5
198.8 5
199 5
199.2 0
199.4 0
199.6 0
199.8 0
200 0
200 5
200 -5
200.2 -5
200.4 -5
200.6 -5
200.8 -5
201 -5
201 5
201.2 5
201.4 5
201.6 5
201.8 5
202 5
202 0
202.2 0
202.4 0
202.5 -5
202.6 -5
202.8 -5
203 -5
203 0
203.2 0
203.4 0
203.6 0
203.8 0
204 0
204 -5
204.2 -5
204.4 -5
204.6 -5
204.8 -5
205 -5
205 -5
205 5
205.2 5
205.4 5
205.6 5
205.8 5
206 5
206 5
206.2 5
206.4 5
206.6 5
206.8 5
207 5
207 5
207.2 5
207.4 5
207.5 5
207.6 5
207.8 5
208 5
208 0
208.2 0
208.4 0
208.6 0
208.8 0
209 0
209 0
209.2 0
209.4 0
209.6 0
209.8 0
210 0
210 -5
210 -5
210.2 -5
210.4 -5
210.6 -5
210.8 -5
211 -5
211 -5
211.2 -5
211.4 -5
211.6 -5
211.8 -5
212 -5
212 5
212.2 5
212.4 5
212.5 -5
212.6 -5
212.8 -5
213 -5
213 5
213.2 5
213.4 5
213.6 5
213.8 5
214 5
214 0
214.2 0
214.4 0
214.6 0
214.8 0
215 0
215 0
215 5
215.2 5
215.4 5
215.6 5
215.8 5
216 5
216 -5
216.2 -5
216.4 -5
216.6 -5
216.8 -5
217 -5
217 -5
217.2 -5
217.4 -5
217.5 5
217.6 5
217.8 5
218 5
218 5
218.2 5
218.4 5
218.6 5
218.8 5
219 5
219 5
219.2 5
219.4 5
219.6 5
219.8 5
220 5
220 0
220 -5
220.2 -5
220.4 -5
220.6 -5
220.8 -5
221 -5
221 0
221.2 0
221.4 0
221.6 0
221.8 0
222 0
222 -5
222.2 -5
222.4 -5
222.5 -5
222.6 -5
222.8 -5
223 -5
223 -5
223.2 -5
223.4 -5
223.6 -5
223.8 -5
224 -5
224 5
224.2 5
224.4 5
224.6 5
224.8 5
225 5
225 5
225 5
225.2 5
225.4 5
225.6 5
225.8 5
226 5
226 0
226.2 0
226.4 0
226.6 0
226.8 0
227 0
227 0
227.2 0
227.4 0
227.5 5
227.6 5
227.8 5
228 5
228 -5
228.2 -5
228.4 -5
228.6 -5
228.8 -5
229 -5
229 -5
229.2 -5
229.4 -5
229.6 -5
229.8 -5
230 -5
230 5
230 -5
230.2 -5
230.4 -5
230.6 -5
230.8 -5
231 -5
231 5
231.2 5
231.4 5
231.6 5
231.8 5
232 5
232 0
232.2 0
232.4 0
232.5 -5
232.6 -5
232.8 -5
233 -5
233 0
233.2 0
233.4 0
233.6 0
233.8 0
234 0
234 -5
234.2 -5
234.4 -5
234.6 -5
234.8 -5
235 -5
235 -5
235 5
235.2 5
235.4 5
235.6 5
235.8 5
236 5
236 5
236.2 5
236.4 5
236.6 5
236.8 5
237 5
237 5
237.2 5
237.4 5
237.5 5
237.6 5
237.8 5
238 5
238 0
238.2 0
238.4 0
238.6 0
238.8 0
239 0
239 0
239.2 0
239.4 0
239.6 0
239.8 0
240 0
240 -5
240 -5
240.2 -5
240.4 -5
240.6 -5
240.8 -5
241 -5
241 -5
241.2 -5
241.4 -5
241.6 -5
241.8 -5
242 -5
242 5
242.2 5
242.4 5
242.5 -5
242.6 -5
242.8 -5
243 -5
243 5
243.2 5
243.4 5
243.6 5
243.8 5
244 5
244 0
244.2 0
244.4 0
244.6 0
244.8 0
245 0
245 0
245 5
245.2 5
245.4 5
245.6 5
245.8 5
246 5
246 -5
246.2 -5
246.4 -5
246.6 -5
246.8 -5
247 -5
247 -5
247.2 -5
247.4 -5
247.5 5
247.6 5
247.8 5
248 5
248 5
248.2 5
248.4 5
248.6 5
248.8 5
249 5
249 5
249.2 5
249.4 5
249.6 5
249.8 5
250 5
0 -5
0 -5
0.000342358 -5
0.2 -5
0.4 -5
0.6 -5
0.8 -5
1 -5
1.2 -5
1.4 -5
1.6 -5
1.8 -5
2 -5
2.2 -5
2.4 -5
2.50034 -5
2.6 -5
2.8 -5
3 -5
3.2 -5
3.4 -5
3.6 -5
3.8 -5
4 -5
4.2 -5
4.4 -5
4.6 -5
4.8 -5
5 -5
5.00034 5
5.2 5
5.4 5
5.6 5
5.8 5
6 5
6.2 5
6.4 5
6.6 5
6.8 5
7 5
7.2 5
7.4 5
7.50034 5
7.6 5
7.8 5
8 5
8.2 5
8.4 5
8.6 5
8.8 5
9 5
9.2 0
9.4 0
9.6 0
9.8 0
10 0
10.0003 -5
10.2 -5
10.4 -5
10.6 -5
10.8 -5
11 -5
11.2 -5
11.4 -5
11.6 -5
11.8 -5
12 -5
12.2 -5
12.4 -5
12.5003 -5
12.6 -5
12.8 -5
13 -5
13.2 -5
13.4 -5
13.6 -5
13.8 -5
14 -5
14.2 -5
14.4 -5
14.6 -5
14.8 -5
15 -5
15.0003 5
15.2 5
15.4 5
15.6 5
15.8 5
16 5
16.2 5
16.4 5
16.6 5
16.8 5
17 5
17.2 5
17.4 5
17.5003 5
17.6 5
17.8 5
18 5
18.2 5
18.4 5
18.6 5
18.8 5
19 5
19.2 0
19.4 0
19.6 0
19.8 0
20 0
20.0003 -5
20.2 -5
20.4 -5
20.6 -5
20.8 -5
21 -5
21.2 -5
21.4 -5
21.6 -5
21.8 -5
22 -5
22.2 -5
22.4 -5
22.5003 -5
22.6 -5
22.8 -5
23 -5
23.2 -5
23.4 -5
23.6 -5
23.8 -5
24 -5
24.2 -5
24.4 -5
24.6 -5
24.8 -5
25 -5
25.0003 5
25.2 5
25.4 5
25.6 5
25.8 5
26 5
26.2 5
26.4 5
26.6 5
26.8 5
27 5
27.2 5
27.4 5
27.5003 5
27.6 5
27.8 5
28 5
28.2 5
28.4 5
28.6 5
28.8 5
29 5
29.2 0
29.4 0
29.6 0
29.8 0
30 0
30.0003 -5
30.2 -5
30.4 -5
30.6 -5
30.8 -5
31 -5
31.2 -5
31.4 -5
31.6 -5
31.8 -5
32 -5
32.2 -5
32.4 -5
32.5003 -5
32.6 -5
32.8 -5
33 -5
33.2 -5
33.4 -5
33.6 -5
33.8 -5
34 -5
34.2 -5
34.4 -5
34.6 -5
34.8 -5
35 -5
35.0003 5
35.2 5
35.4 5
35.6 5
35.8 5
36 5
36.2 5
36.4 5
36.6 5
36.8 5
37 5
37.2 5
37.4 5
37.5003 5
37.6 5
37.8 5
38 5
38.2 5
38.4 5
38.6 5
38.8 5
39 5
39.2 0
39.4 0
39.6 0
39.8 0
40 0
40.0003 -5
40.2 -5
40.4 -5
40.6 -5
40.8 -5
41 -5
41.2 -5
41.4 -5
41.6 -5
41.8 -5
42 -5
42.2 -5
42.4 -5
42.5003 -5
42.6 -5
42.8 -5
43 -5
43.2 -5
43.4 -5
43.6 -5
43.8 -5
44 -5
44.2 -5
44.4 -5
44.6 -5
44.8 -5
45 -5
45.0003 5
45.2 5
45.4 5
45.6 5
45.8 5
46 5
46.2 5
46.4 5
46.6 5
46.8 5
47 5
47.2 5
47.4 5
47.5003 5
47.6 5
47.8 5
48 5
48.2 5
48.4 5
48.6 5
48.8 5
49 5
49.2 0
49.4 0
49.6 0
49.8 0
50 0
50.0003 -5
50.2 -5
50.4 -5
50.6 -5
50.8 -5
51 -5
51.2 -5
51.4 -5
51.6 -5
51.8 -5
52 -5
52.2 -5
52.4 -5
52.5003 -5
52.6 -5
52.8 -5
53 -5
53.2 -5
53.4 -5
53.6 -5
53.8 -5
54 -5
54.2 -5
54.4 -5
54.6 -5
54.8 -5
55 -5
55.0003 5
55.2 5
55.4 5
55.6 5
55.8 5
56 5
56.2 5
56.4 5
56.6 5
56.8 5
57 5
57.2 5
57.4 5
57.5003 5
57.6 5
57.8 5
58 5
58.2 5
58.4 5
58.6 5
58.8 5
59 5
59.2 0
59.4 0
59.6 0
59.8 0
60 0
60.0003 -5
60.2 -5
60.4 -5
60.6 -5
60.8 -5
61 -5
61.2 -5
61.4 -5
61.6 -5
61.8 -5
62 -5
62.2 -5
62.4 -5
62.5003 -5
62.6 -5
62.8 -5
63 -5
63.2 -5
63.4 -5
63.6 -5
63.8 -5
64 -5
64.2 -5
64.4 -5
64.6 -5
64.8 -5
65 -5
65.0003 5
65.2 5
65.4 5
65.6 5
65.8 5
66 5
66.2 5
66.4 5
66.6 5
66.8 5
67 5
67.2 5
67.4 5
67.5003 5
67.6 5
67.8 5
68 5
68.2 5
68.4 5
68.6 5
68.8 5
69 5
69.2 0
69.4 0
69.6 0
69.8 0
70 0
70.0003 -5
70.2 -5
70.4 -5
70.6 -5
70.8 -5
71 -5
71.2 -5
71.4 -5
71.6 -5
71.8 -5
72 -5
72.2 -5
72.4 -5
72.5003 -5
72.6 -5
72.8 -5
73 -5
73.2 -5
73.4 -5
73.6 -5
73.8 -5
74 -5
74.2 -5
74.4 -5
74.6 -5
74.8 -5
75 -5
75.0003 5
75.2 5
75.4 5
75.6 5
75.8 5
76 5
76.2 5
76.4 5
76.6 5
76.8 5
77 5
77.2 5
77.4 5
77.5003 5
77.6 5
77.8 5
78 5
78.2 5
78.4 5
78.6 5
78.8 5
79 5
79.2 0
79.4 0
79.6 0
79.8 0
80 0
80.0003 -5
80.2 -5
80.4 -5
80.6 -5
80.8 -5
81 -5
81.2 -5
81.4 -5
81.6 -5
81.8 -5
82 -5
82.2 -5
82.4 -5
82.5003 -5
82.6 -5
82.8 -5
83 -5
83.2 -5
83.4 -5
83.6 -5
83.8 -5
84 -5
84.2 -5
84.4 -5
84.6 -5
84.8 -5
85 -5
85.0003 5
85.2 5
85.4 5
85.6 5
85.8 5
86 5
86.2 5
86.4 5
86.6 5
86.8 5
87 5
87.2 5
87.4 5
87.5003 5
87.6 5
87.8 5
88 5
88.2 5
88.4 5
88.6 5
88.8 5
89 5
89.2 0
89.4 0
89.6 0
89.8 0
90 0
90.0003 -5
90.2 -5
90.4 -5
90.6 -5
90.8 -5
91 -5
91.2 -5
91.4 -5
91.6 -5
91.8 -5
92 -5
92.2 -5
92.4 -5
92.5003 -5
92.6 -5
92.8 -5
93 -5
93.2 -5
93.4 -5
93.6 -5
93.8 -5
94 -5
94.2 -5
94.4 -5
94.6 -5
94.8 -5
95 -5
95.0003 5
95.2 5
95.4 5
95.6 5
95.8 5
96 5
96.2 5
96.4 5
96.6 5
96.8 5
97 5
97.2 5
97.4 5
97.5003 5
97.6 5
97.8 5
98 5
98.2 5
98.4 5
98.6 5
98.8 5
99 5
99.2 0
99.4 0
99.6 0
99.8 0
100 0
100 -5
100.2 -5
100.4 -5
100.6 -5
100.8 -5
101 -5
101.2 -5
101.4 -5
101.6 -5
101.8 -5
102 -5
102.2 -5
102.4 -5
102.5 -5
102.6 -5
102.8 -5
103 -5
103.2 -5
103.4 -5
103.6 -5
103.8 -5
104 -5
104.2 -5
104.4 -5
104.6 -5
104.8 -5
105 -5
105 5
105.2 5
105.4 5
105.6 5
105.8 5
106 5
106.2 5
106.4 5
106.6 5
106.8 5
107 5
107.2 5
107.4 5
107.5 5
107.6 5
107.8 5
108 5
108.2 5
108.4 5
108.6 5
108.8 5
109 5
109.2 0
109.4 0
109.6 0
109.8 0
110 0
110 -5
110.2 -5
110.4 -5
110.6 -5
110.8 -5
111 -5
111.2 -5
111.4 -5
111.6 -5
111.8 -5
112 -5
112.2 -5
112.4 -5
112.5 -5
112.6 -5
112.8 -5
113 -5
113.2 -5
113.4 -5
113.6 -5
113.8 -5
114 -5
114.2 -5
114.4 -5
114.6 -5
114.8 -5
115 -5
115 5
115.2 5
115.4 5
115.6 5
115.8 5
116 5
116.2 5
116.4 5
116.6 5
116.8 5
117 5
117.2 5
117.4 5
117.5 5
117.6 5
117.8 5
118 5
118.2 5
118.4 5
118.6 5
118.8 5
119 5
119.2 0
119.4 0
119.6 0
119.8 0
120 0
120 -5
120.2 -5
120.4 -5
120.6 -5
120.8 -5
121 -5
121.2 -5
121.4 -5
121.6 -5
121.8 -5
122 -5
122.2 -5
122.4 -5
122.5 -5
122.6 -5
122.8 -5
123 -5
123.2 -5
123.4 -5
123.6 -5
123.8 -5
124 -5
124.2 -5
124.4 -5
124.6 -5
124.8 -5
125 -5
125 5
125.2 5
125.4 5
125.6 5
125.8 5
126 5
126.2 5
126.4 5
126.6 5
126.8 5
127 5
127.2 5
127.4 5
127.5 5
127.6 5
127.8 5
128 5
128.2 5
128.4 5
128.6 5
128.8 5
129 5
129.2 0
129.4 0
129.6 0
129.8 0
130 0
130 -5
130.2 -5
130.4 -5
130.6 -5
130.8 -5
131 -5
131.2 -5
131.4 -5
131.6 -5
131.8 -5
132 -5
132.2 -5
132.4 -5
132.5 -5
132.6 -5
132.8 -5
133 -5
133.2 -5
133.4 -5
133.6 -5
133.8 -5
134 -5
134.2 -5
134.4 -5
134.6 -5
134.8 -5
135 -5
135 5
135.2 5
135.4 5
135.6 5
135.8 5
136 5
136.2 5
136.4 5
136.6 5
136.8 5
137 5
137.2 5
137.4 5
137.5 5
137.6 5
137.8 5
138 5
138.2 5
138.4 5
138.6 5
138.8 5
139 5
139.2 0
139.4 0
139.6 0
139.8 0
140 0
140 -5
140.2 -5
140.4 -5
140.6 -5
140.8 -5
141 -5
141.2 -5
141.4 -5
141.6 -5
141.8 -5
142 -5
142.2 -5
142.4 -5
142.5 -5
142.6 -5
142.8 -5
143 -5
143.2 -5
143.4 -5
143.6 -5
143.8 -5
144 -5
144.2 -5
144.4 -5
144.6 -5
144.8 -5
145 -5
145 5
145.2 5
145.4 5
145.6 5
145.8 5
146 5
146.2 5
146.4 5
146.6 5
146.8 5
147 5
147.2 5
147.4 5
147.5 5
147.6 5
147.8 5
148 5
148.2 5
148.4 5
148.6 5
148.8 5
149 5
149.2 0
149.4 0
149.6 0
149.8 0
150 0
150 -5
150.2 -5
150.4 -5
150.6 -5
150.8 -5
151 -5
151.2 -5
151.4 -5
151.6 -5
151.8 -5
152 -5
152.2 -5
152.4 -5
152.5 -5
152.6 -5
152.8 -5
153 -5
153.2 -5
153.4 -5
153.6 -5
153.8 -5
154 -5
154.2 -5
154.4 -5
154.6 -5
154.8 -5
155 -5
155 5
155.2 5
155.4 5
155.6 5
155.8 5
156 5
156.2 5
156.4 5
156.6 5
156.8 5
157 5
157.2 5
157.4 5
157.5 5
157.6 5
157.8 5
158 5
158.2 5
158.4 5
158.6 5
158.8 5
159 5
159.2 0
159.4 0
159.6 0
159.8 0
160 0
160 -5
160.2 -5
160.4 -5
160.6 -5
160.8 -5
161 -5
161.2 -5
161.4 -5
161.6 -5
161.8 -5
162 -5
162.2 -5
162.4 -5
162.5 -5
162.6 -5
162.8 -5
163 -5
163.2 -5
163.4 -5
163.6 -5
163.8 -5
164 -5
164.2 -5
164.4 -5
164.6 -5
164.8 -5
165 -5
165 5
165.2 5
165.4 5
165.6 5
165.8 5
166 5
166.2 5
166.4 5
166.6 5
166.8 5
167 5
167.2 5
167.4 5
167.5 5
167.6 5
167.8 5
168 5
168.2 5
168.4 5
168.6 5
168.8 5
169 5
169.2 0
169.4 0
169.6 0
169.8 0
170 0
170 -5
170.2 -5
170.4 -5
170.6 -5
170.8 -5
171 -5
171.2 -5
171.4 -5
171.6 -5
171.8 -5
172 -5
172.2 -5
172.4 -5
172.5 -5
172.6 -5
172.8 -5
173 -5
173.2 -5
173.4 -5
173.6 -5
173.8 -5
174 -5
174.2 -5
174.4 -5
174.6 -5
174.8 -5
175 -5
175 5
175.2 5
175.4 5
175.6 5
175.8 5
176 5
176.2 5
176.4 5
176.6 5
176.8 5
177 5
177.2 5
177.4 5
177.5 5
177.6 5
177.8 5
178 5
178.2 5
178.4 5
178.6 5
178.8 5
179 5
179.2 0
179.4 0
179.6 0
179.8 0
180 0
180 -5
180.2 -5
180.4 -5
180.6 -5
180.8 -5
181 -5
181.2 -5
181.4 -5
181.6 -5
181.8 -5
182 -5
182.2 -5
182.4 -5
182.5 -5
182.6 -5
182.8 -5
183 -5
183.2 -5
183.4 -5
183.6 -5
183.8 -5
184 -5
184.2 -5
184.4 -5
184.6 -5
184.8 -5
185 -5
185 5
185.2 5
185.4 5
185.6 5
185.8 5
186 5
186.2 5
186.4 5
186.6 5
186.8 5
187 5
187.2 5
187.4 5
187.5 5
187.6 5
187.8 5
188 5
188.2 5
188.4 5
188.6 5
188.8 5
189 5
189.2 0
189.4 0
189.6 0
189.8 0
190 0
190 -5
190.2 -5
190.4 -5
190.6 -5
190.8 -5
191 -5
191.2 -5
191.4 -5
191.6 -5
191.8 -5
192 -5
192.2 -5
192.4 -5
192.5 -5
192.6 -5
192.8 -5
193 -5
193.2 -5
193.4 -5
193.6 -5
193.8 -5
194 -5
194.2 -5
194.4 -5
194.6 -5
194.8 -5
195 -5
195 5
195.2 5
195.4 5
195.6 5
195.8 5
196 5
196.2 5
196.4 5
196.6 5
196.8 5
197 5
197.2 5
197.4 5
197.5 5
197.6 5
197.8 5
198 5
198.2 5
198.4 5
198.6 5
198.8 5
199 5
199.2 0
199.4 0
199.6 0
199.8 0
200 0
200 -5
200.2 -5
200.4 -5
200.6 -5
200.8 -5
201 -5
201.2 -5
201.4 -5
201.6 -5
201.8 -5
202 -5
202.2 -5
202.4 -5
202.5 -5
202.6 -5
202.8 -5
203 -5
203.2 -5
203.4 -5
203.6 -5
203.8 -5
204 -5
204.2 -5
204.4 -5
204.6 -5
204.8 -5
205 -5
205 5
205.2 5
205.4 5
205.6 5
205.8 5
206 5
206.2 5
206.4 5
206.6 5
206.8 5
207 5
207.2 5
207.4 5
207.5 5
207.6 5
207.8 5
208 5
208.2 5
208.4 5
208.6 5
208.8 5
209 5
209.2 0
209.4 0
209.6 0
209.8 0
210 0
210 -5
210.2 -5
210.4 -5
210.6 -5
210.8 -5
211 -5
211.2 -5
211.4 -5
211.6 -5
211.8 -5
212 -5
212.2 -5
212.4 -5
212.5 -5
212.6 -5
212.8 -5
213 -5
213.2 -5
213.4 -5
213.6 -5
213.8 -5
214 -5
214.2 -5
214.4 -5
214.6 -5
214.8 -5
215 -5
215 5
215.2 5
215.4 5
215.6 5
215.8 5
216 5
216.2 5
216.4 5
216.6 5
216.8 5
217 5
217.2 5
217.4 5
217.5 5
217.6 5
217.8 5
218 5
218.2 5
218.4 5
218.6 5
218.8 5
219 5
219.2 0
219.4 0
219.6 0
219.8 0
220 0
220 -5
220.2 -5
220.4 -5
220.6 -5
220.8 -5
221 -5
221.2 -5
221.4 -5
221.6 -5
221.8 -5
222 -5
222.2 -5
222.4 -5
222.5 -5
222.6 -5
222.8 -5
223 -5
223.2 -5
223.4 -5
223.6 -5
223.8 -5
224 -5
224.2 -5
224.4 -5
224.6 -5
224.8 -5
225 -5
225 5
225.2 5
225.4 5
225.6 5
225.8 5
226 5
226.2 5
226.4 5
226.6 5
226.8 5
227 5
227.2 5
227.4 5
227.5 5
227.6 5
227.8 5
228 5
228.2 5
228.4 5
228.6 5
228.8 5
229 5
229.2 0
229.4 0
229.6 0
229.8 0
230 0
230 -5
230.2 -5
230.4 -5
230.6 -5
230.8 -5
231 -5
231.2 -5
231.4 -5
231.6 -5
231.8 -5
232 -5
232.2 -5
232.4 -5
232.5 -5
232.6 -5
232.8 -5
233 -5
233.2 -5
233.4 -5
233.6 -5
233.8 -5
234 -5
234.2 -5
234.4 -5
234.6 -5
234.8 -5
235 -5
235 5
235.2 5
235.4 5
235.6 5
235.8 5
236 5
236.2 5
236.4 5
236.6 5
236.8 5
237 5
237.2 5
237.4 5
237.5 5
237.6 5
237.8 5
238 5
238.2 5
238.4 5
238.6 5
238.8 5
239 5
239.2 0
239.4 0
239.6 0
239.8 0
240 0
240 -5
240.2 -5
240.4 -5
240.6 -5
240.8 -5
241 -5
241.2 -5
241.4 -5
241.6 -5
241.8 -5
242 -5
242.2 -5
242.4 -5
242.5 -5
242.6 -5
242.8 -5
243 -5
243.2 -5
243.4 -5
243.6 -5
243.8 -5
244 -5
244.2 -5
244.4 -5
244.6 -5
244.8 -5
245 -5
245 5
245.2 5
245.4 5
245.6 5
245.8 5
246 5
246.2 5
246.4 5
246.6 5
246.8 5
247 5
247.2 5
247.4 5
247.5 5
247.6 5
247.8 5
248 5
248.2 5
248.4 5
248.6 5
248.8 5
249 5
249.2 0
249.4 0
249.6 0
249.8 0
250 0
250 -5
250.2 -5
250.4 -5
250.6 -5
250.8 -5
251 -5
251.2 -5
251.4 -5
251.6 -5
251.8 -5
252 -5
252.2 -5
252.4 -5
252.5 -5
252.6 -5
252.8 -5
253 -5
253.2 -5
253.4 -5
253.6 -5
253.8 -5
254 -5
254.2 -5
254.4 -5
254.6 -5
254.8 -5
255 -5
255 5
255.2 5
255.4 5
255.6 5
255.8 5
256 5
256.2 5
256.4 5
256.6 5
256.8 5
257 5
257.2 5
257.4 5
257.5 5
257.6 5
257.8 5
258 5
258.2 5
258.4 5
258.6 5
258.8 5
259 5
259.2 0
259.4 0
259.6 0
259.8 0
260 0
260 -5
260.2 -5
260.4 -5
260.6 -5
260.8 -5
261 -5
261.2 -5
261.4 -5
261.6 -5
261.8 -5
262 -5
262.2 -5
262.4 -5
262.5 -5
262.6 -5
262.8 -5
263 -5
263.2 -5
263.4 -5
263.6 -5
263.8 -5
264 -5
264.2 -5
264.4 -5
264.6 -5
264.8 -5
265 -5
265 5
265.2 5
265.4 5
265.6 5
265.8 5
266 5
266.2 5
266.4 5
266.6 5
266.8 5
267 5
267.2 5
267.4 5
267.5 5
267.6 5
267.8 5
268 5
268.2 5
268.4 5
268.6 5
268.8 5
269 5
269.2 0
269.4 0
269.6 0
269.8 0
270 0
270 -5
270.2 -5
270.4 -5
270.6 -5
270.8 -5
271 -5
271.2 -5
271.4 -5
271.6 -5
271.8 -5
272 -5
272.2 -5
272.4 -5
272.5 -5
272.6 -5
272.8 -5
273 -5
273.2 -5
273.4 -5
273.6 -5
273.8 -5
274 -5
274.2 -5
274.4 -5
274.6 -5
274.8 -5
275 -5
275 5
275.2 5
275.4 5
275.6 5
275.8 5
276 5
276.2 5
276.4 5
276.6 5
276.8 5
277 5
277.2 5
277.4 5
277.5 5
277.6 5
277.8 5
278 5
278.2 5
278.4 5
278.6 5
278.8 5
279 5
279.2 0
279.4 0
279.6 0
279.8 0
280 0
280 -5
280.2 -5
280.4 -5
280.6 -5
280.8 -5
281 -5
281.2 -5
281.4 -5
281.6 -5
281.8 -5
282 -5
282.2 -5
282.4 -5
282.5 -5
282.6 -5
282.8 -5
283 -5
283.2 -5
283.4 -5
283.6 -5
283.8 -5
284 -5
284.2 -5
284.4 -5
284.6 -5
284.8 -5
285 -5
285 5
285.2 5
285.4 5
285.6 5
285.8 5
286 5
286.2 5
286.4 5
286.6 5
286.8 5
287 5
287.2 5
287.4 5
287.5 5
287.6 5
287.8 5
288 5
288.2 5
288.4 5
288.6 5
288.8 5
289 5
289.2 0
289.4 0
289.6 0
289.8 0
290 0
290 -5
290.2 -5
290.4 -5
290.6 -5
290.8 -5
291 -5
291.2 -5
291.4 -5
291.6 -5
291.8 -5
292 -5
292.2 -5
292.4 -5
292.5 -5
292.6 -5
292.8 -5
293 -5
293.2 -5
293.4 -5
293.6 -5
293.8 -5
294 -5
294.2 -5
294.4 -5
294.6 -5
294.8 -5
295 -5
295 5
295.2 5
295.4 5
295.6 5
295.8 5
296 5
296.2 5
296.4 5
296.6 5
296.8 5
297 5
297.2 5
297.4 5
297.5 5
297.6 5
297.8 5
298 5
298.2 5
298.4 5
298.6 5
298.8 5
299 5
299.2 0
299.4 0
299.6 0
299.8 0
300 0
300 -5
300.2 -5
300.4 -5
300.6 -5
300.8 -5
301 -5
301.2 -5
301.4 -5
301.6 -5
301.8 -5
302 -5
302.2 -5
302.4 -5
302.5 -5
302.6 -5
302.8 -5
303 -5
303.2 -5
303.4 -5
303.6 -5
303.8 -5
304 -5
304.2 -5
304.4 -5
304.6 -5
304.8 -5
305 -5
305 5
305.2 5
305.4 5
305.6 5
305.8 5
306 5
306.2 5
306.4 5
306.6 5
306.8 5
307 5
307.2 5
307.4 5
307.5 5
307.6 5
307.8 5
308 5
308.2 5
308.4 5
308.6 5
308.8 5
309 5
309.2 0
309.4 0
309.6 0
309.8 0
310 0
310 -5
310.2 -5
310.4 -5
310.6 -5
310.8 -5
311 -5
311.2 -5
311.4 -5
311.6 -5
311.8 -5
312 -5
312.2 -5
312.4 -5
312.5 -5
312.6 -5
312.8 -5
313 -5
313.2 -5
313.4 -5
313.6 -5
313.8 -5
314 -5
314.2 -5
314.4 -5
314.6 -5
314.8 -5
315 -5
315 5
315.2 5
315.4 5
315.6 5
315.8 5
316 5
316.2 5
316.4 5
316.6 5
316.8 5
317 5
317.2 5
317.4 5
317.5 5
317.6 5
317.8 5
318 5
318.2 5
318.4 5
318.6 5
318.8 5
319 5
319.2 0
319.4 0
319.6 0
319.8 0
320 0
320 -5
320.2 -5
320.4 -5
320.6 -5
320.8 -5
321 -5
321.2 -5
321.4 -5
321.6 -5
321.8 -5
322 -5
322.2 -5
322.4 -5
322.5 -5
322.6 -5
322.8 -5
323 -5
323.2 -5
323.4 -5
323.6 -5
323.8 -5
324 -5
324.2 -5
324.4 -5
324.6 -5
324.8 -5
325 -5
325 5
325.2 5
325.4 5
325.6 5
325.8 5
326 5
326.2 5
326.4 5
326.6 5
326.8 5
327 5
327.2 5
327.4 5
327.5 5
327.6 5
327.8 5
328 5
328.2 5
328.4 5
328.6 5
328.8 5
329 5
329.2 0
329.4 0
329.6 0
329.8 0
330 0
330 -5
330.2 -5
330.4 -5
330.6 -5
330.8 -5
331 -5
331.2 -5
331.4 -5
331.6 -5
331.8 -5
332 -5
332.2 -5
332.4 -5
332.5 -5
332.6 -5
332.8 -5
333 -5
333.2 -5
333.4 -5
333.6 -5
333.8 -5
334 -5
334.2 -5
334.4 -5
334.6 -5
334.8 -5
335 -5
335 5
335.2 5
335.4 5
335.6 5
335.8 5
336 5
336.2 5
336.4 5
336.6 5
336.8 5
337 5
337.2 5
337.4 5
337.5 5
337.6 5
337.8 5
338 5
338.2 5
338.4 5
338.6 5
338.8 5
339 5
339.2 0
339.4 0
339.6 0
339.8 0
340 0
340 -5
340.2 -5
340.4 -5
340.6 -5
340.8 -5
341 -5
341.2 -5
341.4 -5
341.6 -5
341.8 -5
342 -5
342.2 -5
342.4 -5
342.5 -5
342.6 -5
342.8 -5
343 -5
343.2 -5
343.4 -5
343.6 -5
343.8 -5
344 -5
344.2 -5
344.4 -5
344.6 -5
344.8 -5
345 -5
345 5
345.2 5
345.4 5
345.6 5
345.8 5
346 5
346.2 5
346.4 5
346.6 5
346.8 5
347 5
347.2 5
347.4 5
347.5 5
347.6 5
347.8 5
348 5
348.2 5
348.4 5
348.6 5
348.8 5
349 5
349.2 0
349.4 0
349.6 0
349.8 0
350 0
350 -5
350.2 -5
350.4 -5
350.6 -5
350.8 -5
351 -5
351.2 -5
351.4 -5
351.6 -5
351.8 -5
352 -5
352.2 -5
352.4 -5
352.5 -5
352.6 -5
352.8 -5
353 -5
353.2 -5
353.4 -5
353.6 -5
353.8 -5
354 -5
354.2 -5
354.4 -5
354.6 -5
354.8 -5
355 -5
355 5
355.2 5
355.4 5
355.6 5
355.8 5
356 5
356.2 5
356.4 5
356.6 5
356.8 5
357 5
357.2 5
357.4 5
357.5 5
357.6 5
357.8 5
358 5
358.2 5
358.4 5
358.6 5
358.8 5
359 5
359.2 0
359.4 0
359.6 0
359.8 0
360 0
360 -5
360.2 -5
360.4 -5
360.6 -5
360.8 -5
361 -5
361.2 -5
361.4 -5
361.6 -5
361.8 -5
362 -5
362.2 -5
362.4 -5
362.5 -5
362.6 -5
362.8 -5
363 -5
363.2 -5
363.4 -5
363.6 -5
363.8 -5
364 -5
364.2 -5
364.4 -5
364.6 -5
364.8 -5
365 -5
365 5
365.2 5
365.4 5
365.6 5
365.8 5
366 5
366.2 5
366.4 5
366.6 5
366.8 5
367 5
367.2 5
367.4 5
367.5 5
367.6 5
367.8 5
368 5
368.2 5
368.4 5
368.6 5
368.8 5
369 5
369.2 0
369.4 0
369.6 0
369.8 0
370 0
370 -5
370.2 -5
370.4 -5
370.6 -5
370.8 -5
371 -5
371.2 -5
371.4 -5
371.6 -5
371.8 -5
372 -5
372.2 -5
372.4 -5
372.5 -5
372.6 -5
372.8 -5
373 -5
373.2 -5
373.4 -5
373.6 -5
373.8 -5
374 -5
374.2 -5
374.4 -5
374.6 -5
374.8 -5
375 -5
375 5
375.2 5
375.4 5
375.6 5
375.8 5
376 5
376.2 5
376.4 5
376.6 5
376.8 5
377 5
377.2 5
377.4 5
377.5 5
377.6 5
377.8 5
378 5
378.2 5
378.4 5
378.6 5
378.8 5
379 5
379.2 0
379.4 0
379.6 0
379.8 0
380 0
380 -5
380.2 -5
380.4 -5
380.6 -5
380.8 -5
381 -5
381.2 -5
381.4 -5
381.6 -5
381.8 -5
382 -5
382.2 -5
382.4 -5
382.5 -5
382.6 -5
382.8 -5
383 -5
383.2 -5
383.4 -5
383.6 -5
383.8 -5
384 -5
384.2 -5
384.4 -5
384.6 -5
384.8 -5
385 -5
385 5
385.2 5
385.4 5
385.6 5
385.8 5
386 5
386.2 5
386.4 5
386.6 5
386.8 5
387 5
387.2 5
387.4 5
387.5 5
387.6 5
387.8 5
388 5
388.2 5
388.4 5
388.6 5
388.8 5
389 5
389.2 0
389.4 0
389.6 0
389.8 0
390 0
390 -5
390.2 -5
390.4 -5
390.6 -5
390.8 -5
391 -5
391.2 -5
391.4 -5
391.6 -5
391.8 -5
392 -5
392.2 -5
392.4 -5
392.5 -5
392.6 -5
392.8 -5
393 -5
393.2 -5
393.4 -5
393.6 -5
393.8 -5
394 -5
394.2 -5
394.4 -5
394.6 -5
394.8 -5
395 -5
395 5
395.2 5
395.4 5
395.6 5
395.8 5
396 5
396.2 5
396.4 5
396.6 5
396.8 5
397 5
397.2 5
397.4 5
397.5 5
397.6 5
397.8 5
398 5
398.2 5
398.4 5
398.6 5
398.8 5
399 5
399.2 0
399.4 0
399.6 0
399.8 0
400 0
400 -5
400.2 -5
400.4 -5
400.6 -5
400.8 -5
401 -5
401.2 -5
401.4 -5
401.6 -5
401.8 -5
402 -5
402.2 -5
402.4 -5
402.5 -5
402.6 -5
402.8 -5
403 -5
403.2 -5
403.4 -5
403.6 -5
403.8 -5
404 -5
404.2 -5
404.4 -5
404.6 -5
404.8 -5
405 -5
405 5
405.2 5
405.4 5
405.6 5
405.8 5
406 5
406.2 5
406.4 5
406.6 5
406.8 5
407 5
407.2 5
407.4 5
407.5 5
407.6 5
407.8 5
408 5
408.2 5
408.4 5
408.6 5
408.8 5
409 5
409.2 0
409.4 0
409.6 0
409.8 0
410 0
410 -5
410.2 -5
410.4 -5
410.6 -5
410.8 -5
411 -5
411.2 -5
411.4 -5
411.6 -5
411.8 -5
412 -5
412.2 -5
412.4 -5
412.5 -5
412.6 -5
412.8 -5
413 -5
413.2 -5
413.4 -5
413.6 -5
413.8 -5
414 -5
414.2 -5
414.4 -5
414.6 -5
414.8 -5
415 -5
415 5
415.2 5
415.4 5
415.6 5
415.8 5
416 5
416.2 5
416.4 5
416.6 5
416.8 5
417 5
417.2 5
417.4 5
417.5 5
417.6 5
417.8 5
418 5
418.2 5
418.4 5
418.6 5
418.8 5
419 5
419.2 0
419.4 0
419.6 0
419.8 0
420 0
420 -5
420.2 -5
420.4 -5
420.6 -5
420.8 -5
421 -5
421.2 -5
421.4 -5
421.6 -5
421.8 -5
422 -5
422.2 -5
422.4 -5
422.5 -5
422.6 -5
422.8 -5
423 -5
423.2 -5
423.4 -5
423.6 -5
423.8 -5
424 -5
424.2 -5
424.4 -5
424.6 -5
424.8 -5
425 -5
425 5
425.2 5
425.4 5
425.6 5
425.8 5
426 5
426.2 5
426.4 5
426.6 5
426.8 5
427 5
427.2 5
427.4 5
427.5 5
427.6 5
427.8 5
428 5
428.2 5
428.4 5
428.6 5
428.8 5
429 5
429.2 0
429.4 0
429.6 0
429.8 0
430 0
430 -5
430.2 -5
430.4 -5
430.6 -5
430.8 -5
431 -5
431.2 -5
431.4 -5
431.6 -5
431.8 -5
432 -5
432.2 -5
432.4 -5
432.5 -5
432.6 -5
432.8 -5
433 -5
433.2 -5
433.4 -5
433.6 -5
433.8 -5
434 -5
434.2 -5
434.4 -5
434.6 -5
434.8 -5
435 -5
435 5
435.2 5
435.4 5
435.6 5
435.8 5
436 5
436.2 5
436.4 5
436.6 5
436.8 5
437 5
437.2 5
437.4 5
437.5 5
437.6 5
437.8 5
438 5
438.2 5
438.4 5
438.6 5
438.8 5
439 5
439.2 0
439.4 0
439.6 0
439.8 0
440 0
440 -5
440.2 -5
440.4 -5
440.6 -5
440.8 -5
441 -5
441.2 -5
441.4 -5
441.6 -5
441.8 -5
442 -5
442.2 -5
442.4 -5
442.5 -5
442.6 -5
442.8 -5
443 -5
443.2 -5
443.4 -5
443.6 -5
443.8 -5
444 -5
444.2 -5
444.4 -5
444.6 -5
444.8 -5
445 -5
445 5
445.2 5
445.4 5
445.6 5
445.8 5
446 5
446.2 5
446.4 5
446.6 5
446.8 5
447 5
447.2 5
447.4 5
447.5 5
447.6 5
447.8 5
448 5
448.2 5
448.4 5
448.6 5
448.8 5
449 5
449.2 0
449.4 0
449.6 0
449.8 0
450 0
450 -5
450.2 -5
450.4 -5
450.6 -5
450.8 -5
451 -5
451.2 -5
451.4 -5
451.6 -5
451.8 -5
452 -5
452.2 -5
452.4 -5
452.5 -5
452.6 -5
452.8 -5
453 -5
453.2 -5
453.4 -5
453.6 -5
453.8 -5
454 -5
454.2 -5
454.4 -5
454.6 -5
454.8 -5
455 -5
455 5
455.2 5
455.4 5
455.6 5
455.8 5
456 5
456.2 5
456.4 5
456.6 5
456.8 5
457 5
457.2 5
457.4 5
457.5 5
457.6 5
457.8 5
458 5
458.2 5
458.4 5
458.6 5
458.8 5
459 5
459.2 0
459.4 0
459.6 0
459.8 0
460 0
460 -5
460.2 -5
460.4 -5
460.6 -5
460.8 -5
461 -5
461.2 -5
461.4 -5
461.6 -5
461.8 -5
462 -5
462.2 -5
462.4 -5
462.5 -5
462.6 -5
462.8 -5
463 -5
463.2 -5
463.4 -5
463.6 -5
463.8 -5
464 -5
464.2 -5
464.4 -5
464.6 -5
464.8 -5
465 -5
465 5
465.2 5
465.4 5
465.6 5
465.8 5
466 5
466.2 5
466.4 5
466.6 5
466.8 5
467 5
467.2 5
467.4 5
467.5 5
467.6 5
467.8 5
468 5
468.2 5
468.4 5
468.6 5
468.8 5
469 5
469.2 0
469.4 0
469.6 0
469.8 0
470 0
470 -5
470.2 -5
470.4 -5
470.6 -5
470.8 -5
471 -5
471.2 -5
471.4 -5
471.6 -5
471.8 -5
472 -5
472.2 -5
472.4 -5
472.5 -5
472.6 -5
472.8 -5
473 -5
473.2 -5
473.4 -5
473.6 -5
473.8 -5
474 -5
474.2 -5
474.4 -5
474.6 -5
474.8 -5
475 -5
475 5
475.2 5
475.4 5
475.6 5
475.8 5
476 5
476.2 5
476.4 5
476.6 5
476.8 5
477 5
477.2 5
477.4 5
477.5 5
477.6 5
477.8 5
478 5
478.2 5
478.4 5
478.6 5
478.8 5
479 5
479.2 0
479.4 0
479.6 0
479.8 0
480 0
480 -5
480.2 -5
480.4 -5
480.6 -5
480.8 -5
481 -5
481.2 -5
481.4 -5
481.6 -5
481.8 -5
482 -5
482.2 -5
482.4 -5
482.5 -5
482.6 -5
482.8 -5
483 -5
483.2 -5
483.4 -5
483.6 -5
483.8 -5
484 -5
484.2 -5
484.4 -5
484.6 -5
484.8 -5
485 -5
485 5
485.2 5
485.4 5
485.6 5
485.8 5
486 5
486.2 5
486.4 5
486.6 5
486.8 5
487 5
487.2 5
487.4 5
487.5 5
487.6 5
487.8 5
488 5
488.2 5
488.4 5
488.6 5
488.8 5
489 5
489.2 0
489.4 0
489.6 0
489.8 0
490 0
490 -5
490.2 -5
490.4 -5
490.6 -5
490.8 -5
491 -5
491.2 -5
491.4 -5
491.6 -5
491.8 -5
492 -5
492.2 -5
492.4 -5
492.5 -5
492.6 -5
492.8 -5
493 -5
493.2 -5
493.4 -5
493.6 -5
493.8 -5
494 -5
494.2 -5
494.4 -5
494.6 -5
494.8 -5
495 -5
495 5
495.2 5
495.4 5
495.6 5
495.8 5
496 5
496.2 5
496.4 5
496.6 5
496.8 5
497 5
497.2 5
497.4 5
497.5 5
497.6 5
497.8 5
498 5
498.2 5
498.4 5
498.6 5
498.8 5
499 5
499.2 0
499.4 0
499.6 0
499.8 0
500 0
500 -5
500.2 -5
500.4 -5
500.6 -5
500.8 -5
501 -5
501.2 -5
501.4 -5
501.6 -5
501.8 -5
502 -5
502.2 -5
502.4 -5
502.5 -5
502.6 -5
502.8 -5
503 -5
503.2 -5
503.4 -5
503.6 -5
503.8 -5
504 -5
504.2 -5
504.4 -5
504.6 -5
504.8 -5
505 -5
505 5
505.2 5
505.4 5
505.6 5
505.8 5
506 5
506.2 5
506.4 5
506.6 5
506.8 5
507 5
507.2 5
507.4 5
507.5 5
507.6 5
507.8 5
508 5
508.2 5
508.4 5
508.6 5
508.8 5
509 5
509.2 0
509.4 0
509.6 0
509.8 0
510 0
510 -5
510.2 -5
510.4 -5
510.6 -5
510.8 -5
511 -5
511.2 -5
511.4 -5
511.6 -5
511.8 -5
512 -5
512.2 -5
512.4 -5
512.5 -5
512.6 -5
512.8 -5
513 -5
513.2 -5
513.4 -5
513.6 -5
513.8 -5
514 -5
514.2 -5
514.4 -5
514.6 -5
514.8 -5
515 -5
515 5
515.2 5
515.4 5
515.6 5
515.8 5
516 5
516.2 5
516.4 5
516.6 5
516.8 5
517 5
517.2 5
517.4 5
517.5 5
517.6 5
517.8 5
518 5
518.2 5
518.4 5
518.6 5
518.8 5
519 5
519.2 0
519.4 0
519.6 0
519.8 0
520 0
520 -5
520.2 -5
520.4 -5
520.6 -5
520.8 -5
521 -5
521.2 -5
521.4 -5
521.6 -5
521.8 -5
522 -5
522.2 -5
522.4 -5
522.5 -5
522.6 -5
522.8 -5
523 -5
523.2 -5
523.4 -5
523.6 -5
523.8 -5
524 -5
524.2 -5
524.4 -5
524.6 -5
524.8 -5
525 -5
525 5
525.2 5
525.4 5
525.6 5
525.8 5
526 5
526.2 5
526.4 5
526.6 5
526.8 5
527 5
527.2 5
527.4 5
527.5 5
527.6 5
527.8 5
528 5
528.2 5
528.4 5
528.6 5
528.8 5
529 5
529.2 0
529.4 0
529.6 0
529.8 0
530 0
530 -5
530.2 -5
530.4 -5
530.6 -5
530.8 -5
531 -5
531.2 -5
531.4 -5
531.6 -5
531.8 -5
532 -5
532.2 -5
532.4 -5
532.5 -5
532.6 -5
532.8 -5
533 -5
533.2 -5
533.4 -5
533.6 -5
533.8 -5
534 -5
534.2 -5
534.4 -5
534.6 -5
534.8 -5
535 -5
535 5
535.2 5
535.4 5
535.6 5
535.8 5
536 5
536.2 5
536.4 5
536.6 5
536.8 5
537 5
537.2 5
537.4 5
537.5 5
537.6 5
537.8 5
538 5
538.2 5
538.4 5
538.6 5
538.8 5
539 5
539.2 0
539.4 0
539.6 0
539.8 0
540 0
540 -5
540.2 -5
540.4 -5
540.6 -5
540.8 -5
541 -5
541.2 -5
541.4 -5
541.6 -5
541.8 -5
542 -5
542.2 -5
542.4 -5
542.5 -5
542.6 -5
542.8 -5
543 -5
543.2 -5
543.4 -5
543.6 -5
543.8 -5
544 -5
544.2 -5
544.4 -5
544.6 -5
544.8 -5
545 -5
545 5
545.2 5
545.4 5
545.6 5
545.8 5
546 5
546.2 5
546.4 5
546.6 5
546.8 5
547 5
547.2 5
547.4 5
547.5 5
547.6 5
547.8 5
548 5
548.2 5
548.4 5
548.6 5
548.8 5
549 5
549.2 0
549.4 0
549.6 0
549.8 0
550 0
550 -5
550.2 -5
550.4 -5
550.6 -5
550.8 -5
551 -5
551.2 -5
551.4 -5
551.6 -5
551.8 -5
552 -5
552.2 -5
552.4 -5
552.5 -5
552.6 -5
552.8 -5
553 -5
553.2 -5
553.4 -5
553.6 -5
553.8 -5
554 -5
554.2 -5
554.4 -5
554.6 -5
554.8 -5
555 -5
555 5
555.2 5
555.4 5
555.6 5
555.8 5
556 5
556.2 5
556.4 5
556.6 5
556.8 5
557 5
557.2 5
557.4 5
557.5 5
557.6 5
557.8 5
558 5
558.2 5
558.4 5
558.6 5
558.8 5
559 5
559.2 0
559.4 0
559.6 0
559.8 0
560 0
560 -5
560.2 -5
560.4 -5
560.6 -5
560.8 -5
561 -5
561.2 -5
561.4 -5
561.6 -5
561.8 -5
562 -5
562.2 -5
562.4 -5
562.5 -5
562.6 -5
562.8 -5
563 -5
563.2 -5
563.4 -5
563.6 -5
563.8 -5
564 -5
564.2 -5
564.4 -5
564.6 -5
564.8 -5
565 -5
565 5
565.2 5
565.4 5
565.6 5
565.8 5
566 5
566.2 5
566.4 5
566.6 5
566.8 5
567 5
567.2 5
567.4 5
567.5 5
567.6 5
567.8 5
568 5
568.2 5
568.4 5
568.6 5
568.8 5
569 5
569.2 0
569.4 0
569.6 0
569.8 0
570 0
570 -5
570.2 -5
570.4 -5
570.6 -5
570.8 -5
571 -5
571.2 -5
571.4 -5
571.6 -5
571.8 -5
572 -5
572.2 -5
572.4 -5
572.5 -5
572.6 -5
572.8 -5
573 -5
573.2 -5
573.4 -5
573.6 -5
573.8 -5
574 -5
574.2 -5
574.4 -5
574.6 -5
574.8 -5
575 -5
575 5
575.2 5
575.4 5
575.6 5
575.8 5
576 5
576.2 5
576.4 5
576.6 5
576.8 5
577 5
577.2 5
577.4 5
577.5 5
577.6 5
577.8 5
578 5
578.2 5
578.4 5
578.6 5
578.8 5
579 5
579.2 0
579.4 0
579.6 0
579.8 0
580 0
580 -5
580.2 -5
580.4 -5
580.6 -5
580.8 -5
581 -5
581.2 -5
581.4 -5
581.6 -5
581.8 -5
582 -5
582.2 -5
582.4 -5
582.5 -5
582.6 -5
582.8 -5
583 -5
583.2 -5
583.4 -5
583.6 -5
583.8 -5
584 -5
584.2 -5
584.4 -5
584.6 -5
584.8 -5
585 -5
585 5
585.2 5
585.4 5
585.6 5
585.8 5
586 5
586.2 5
586.4 5
586.6 5
586.8 5
587 5
587.2 5
587.4 5
587.5 5
587.6 5
587.8 5
588 5
588.2 5
588.4 5
588.6 5
588.8 5
589 5
589.2 0
589.4 0
589.6 0
589.8 0
590 0
590 -5
590.2 -5
590.4 -5
590.6 -5
590.8 -5
591 -5
591.2 -5
591.4 -5
591.6 -5
591.8 -5
592 -5
592.2 -5
592.4 -5
592.5 -5
592.6 -5
592.8 -5
593 -5
593.2 -5
593.4 -5
593.6 -5
593.8 -5
594 -5
594.2 -5
594.4 -5
594.6 -5
594.8 -5
595 -5
595 5
595.2 5
595.4 5
595.6 5
595.8 5
596 5
596.2 5
596.4 5
596.6 5
596.8 5
597 5
597.2 5
597.4 5
597.5 5
597.6 5
597.8 5
598 5
598.2 5
598.4 5
598.6 5
598.8 5
599 5
599.2 0
599.4 0
599.6 0
599.8 0
600 0
600 -5
600.2 -5
600.4 -5
600.6 -5
600.8 -5
601 -5
601.2 -5
601.4 -5
601.6 -5
601.8 -5
602 -5
602.2 -5
602.4 -5
602.5 -5
602.6 -5
602.8 -5
603 -5
603.2 -5
603.4 -5
603.6 -5
603.8 -5
604 -5
604.2 -5
604.4 -5
604.6 -5
604.8 -5
605 -5
605 5
605.2 5
605.4 5
605.6 5
605.8 5
606 5
606.2 5
606.4 5
606.6 5
606.8 5
607 5
607.2 5
607.4 5
607.5 5
607.6 5
607.8 5
608 5
608.2 5
608.4 5
608.6 5
608.8 5
609 5
609.2 0
609.4 0
609.6 0
609.8 0
610 0
610 -5
610.2 -5
610.4 -5
610.6 -5
610.8 -5
611 -5
611.2 -5
611.4 -5
611.6 -5
611.8 -5
612 -5
612.2 -5
612.4 -5
612.5 -5
612.6 -5
612.8 -5
613 -5
613.2 -5
613.4 -5
613.6 -5
613.8 -5
614 -5
614.2 -5
614.4 -5
614.6 -5
614.8 -5
615 -5
615 5
615.2 5
615.4 5
615.6 5
615.8 5
616 5
616.2 5
616.4 5
616.6 5
616.8 5
617 5
617.2 5
617.4 5
617.5 5
617.6 5
617.8 5
618 5
618.2 5
618.4 5
618.6 5
618.8 5
619 5
619.2 0
619.4 0
619.6 0
619.8 0
620 0
620 -5
620.2 -5
620.4 -5
620.6 -5
620.8 -5
621 -5
621.2 -5
621.4 -5
621.6 -5
621.8 -5
622 -5
622.2 -5
622.4 -5
622.5 -5
622.6 -5
622.8 -5
623 -5
623.2 -5
623.4 -5
623.6 -5
623.8 -5
624 -5
624.2 -5
624.4 -5
624.6 -5
624.8 -5
625 -5
625 5
625.2 5
625.4 5
625.6 5
625.8 5
626 5
626.2 5
626.4 5
626.6 5
626.8 5
627 5
627.2 5
627.4 5
627.5 5
627.6 5
627.8 5
628 5
628.2 5
628.4 5
628.6 5
628.8 5
629 5
629.2 0
629.4 0
629.6 0
629.8 0
630 0
630 -5
630.2 -5
630.4 -5
630.6 -5
630.8 -5
631 -5
631.2 -5
631.4 -5
631.6 -5
631.8 -5
632 -5
632.2 -5
632.4 -5
632.5 -5
632.6 -5
632.8 -5
633 -5
633.2 -5
633.4 -5
633.6 -5
633.8 -5
634 -5
634.2 -5
634.4 -5
634.6 -5
634.8 -5
635 -5
635 5
635.2 5
635.4 5
635.6 5
635.8 5
636 5
636.2 5
636.4 5
636.6 5
636.8 5
637 5
637.2 5
637.4 5
637.5 5
637.6 5
637.8 5
638 5
638.2 5
638.4 5
638.6 5
638.8 5
639 5
639.2 0
639.4 0
639.6 0
639.8 0
640 0
640 -5
640.2 -5
640.4 -5
640.6 -5
640.8 -5
641 -5
641.2 -5
641.4 -5
641.6 -5
641.8 -5
642 -5
642.2 -5
642.4 -5
642.5 -5
642.6 -5
642.8 -5
643 -5
643.2 -5
643.4 -5
643.6 -5
643.8 -5
644 -5
644.2 -5
644.4 -5
644.6 -5
644.8 -5
645 -5
645 5
645.2 5
645.4 5
645.6 5
645.8 5
646 5
646.2 5
646.4 5
646.6 5
646.8 5
647 5
647.2 5
647.4 5
647.5 5
647.6 5
647.8 5
648 5
648.2 5
648.4 5
648.6 5
648.8 5
649 5
649.2 0
649.4 0
649.6 0
649.8 0
650 0
650 -5
650.2 -5
650.4 -5
650.6 -5
650.8 -5
651 -5
651.2 -5
651.4 -5
651.6 -5
651.8 -5
652 -5
652.2 -5
652.4 -5
652.5 -5
652.6 -5
652.8 -5
653 -5
653.2 -5
653.4 -5
653.6 -5
653.8 -5
654 -5
654.2 -5
654.4 -5
654.6 -5
654.8 -5
655 -5
655 5
655.2 5
655.4 5
655.6 5
655.8 5
656 5
656.2 5
656.4 5
656.6 5
656.8 5
657 5
657.2 5
657.4 5
657.5 5
657.6 5
657.8 5
658 5
658.2 5
658.4 5
658.6 5
658.8 5
659 5
659.2 0
659.4 0
659.6 0
659.8 0
660 0
660 -5
660.2 -5
660.4 -5
660.6 -5
660.8 -5
661 -5
661.2 -5
661.4 -5
661.6 -5
661.8 -5
662 -5
662.2 -5
662.4 -5
662.5 -5
662.6 -5
662.8 -5
663 -5
663.2 -5
663.4 -5
663.6 -5
663.8 -5
664 -5
664.2 -5
664.4 -5
664.6 -5
664.8 -5
665 -5
665 5
665.2 5
665.4 5
665.6 5
665.8 5
666 5
666.2 5
666.4 5
666.6 5
666.8 5
667 5
667.2 5
667.4 5
667.5 5
667.6 5
667.8 5
668 5
668.2 5
668.4 5
668.6 5
668.8 5
669 5
669.2 0
669.4 0
669.6 0
669.8 0
670 0
670 -5
670.2 -5
670.4 -5
670.6 -5
0 -5
